--- OPERAZIONE CONCLUSA: Creazione Matrice ---
Risultato ottenuto:
[[35 38  1 43 31]
 [36  9  7 42 11]
 [ 5 10  2 21 47]
 [37 27  9 49 43]
 [17  7 30 14 21]]
----------------------------------------
--- OPERAZIONE CONCLUSA: Estrazione Centrale ---
Risultato ottenuto:
[[ 9  7 42]
 [10  2 21]
 [27  9 49]]
----------------------------------------
--- OPERAZIONE CONCLUSA: Trasposizione ---
Risultato ottenuto:
[[35 36  5 37 17]
 [38  9 10 27  7]
 [ 1  7  2  9 30]
 [43 42 21 49 14]
 [31 11 47 43 21]]
----------------------------------------
--- OPERAZIONE CONCLUSA: Somma Totale ---
Risultato ottenuto:
592
----------------------------------------
--- OPERAZIONE CONCLUSA: Creazione Matrice ---
Risultato ottenuto:
[[38 34 18  2]
 [26 25 23 28]
 [ 9 44  4 30]
 [23 15 23  9]
 [23 35 24 10]
 [16 17 30 24]]
----------------------------------------
--- OPERAZIONE CONCLUSA: Seconda Matrice Generata ---
Risultato ottenuto:
[[ 8  6  2  8]
 [10  8 10  3]
 [ 2  4  2  9]
 [ 7  9  5  1]
 [ 9  2  5  1]
 [ 1  6  2  5]]
----------------------------------------
--- OPERAZIONE CONCLUSA: Moltiplicazione Element-wise ---
Risultato ottenuto:
[[304 204  36  16]
 [260 200 230  84]
 [ 18 176   8 270]
 [161 135 115   9]
 [207  70 120  10]
 [ 16 102  60 120]]
----------------------------------------
--- OPERAZIONE CONCLUSA: Media degli elementi ---
Risultato ottenuto:
22.083333333333332
----------------------------------------
--- OPERAZIONE CONCLUSA: Creazione Matrice ---
Risultato ottenuto:
[[11 43 19 12 48 28 34 23]
 [41 31 13 28 23 15  9 13]
 [49  7 15 29 12  8 48 35]
 [21  7 12 13  2  6 26 31]
 [40 42 11 25  2 10  5 25]
 [11 27 30 14 10 36 11 32]]
----------------------------------------
--- OPERAZIONE CONCLUSA: Funzione Esponenziale ---
Risultato ottenuto:
[[5.98741417e+04 4.72783947e+18 1.78482301e+08 1.62754791e+05
  7.01673591e+20 1.44625706e+12 5.83461743e+14 9.74480345e+09]
 [6.39843494e+17 2.90488497e+13 4.42413392e+05 1.44625706e+12
  9.74480345e+09 3.26901737e+06 8.10308393e+03 4.42413392e+05]
 [1.90734657e+21 1.09663316e+03 3.26901737e+06 3.93133430e+12
  1.62754791e+05 2.98095799e+03 7.01673591e+20 1.58601345e+15]
 [1.31881573e+09 1.09663316e+03 1.62754791e+05 4.42413392e+05
  7.38905610e+00 4.03428793e+02 1.95729609e+11 2.90488497e+13]
 [2.35385267e+17 1.73927494e+18 5.98741417e+04 7.20048993e+10
  7.38905610e+00 2.20264658e+04 1.48413159e+02 7.20048993e+10]
 [5.98741417e+04 5.32048241e+11 1.06864746e+13 1.20260428e+06
  2.20264658e+04 4.31123155e+15 5.98741417e+04 7.89629602e+13]]
----------------------------------------
--- OPERAZIONE CONCLUSA: Filtro elementi > 5.0 ---
Risultato ottenuto:
[11 43 19 12 48 28 34 23 41 31 13 28 23 15  9 13 49  7 15 29 12  8 48 35
 21  7 12 13  6 26 31 40 42 11 25 10 25 11 27 30 14 10 36 11 32]
----------------------------------------
--- OPERAZIONE CONCLUSA: Creazione Matrice ---
Risultato ottenuto:
[[12 20 31 29 41 40 37]
 [18  9 25 18 31 40  6]
 [40 21  8 39 43  7 26]
 [42 34 27 50  6 17 20]
 [21 16  9 29 37 43  3]
 [39 14 15 31 43 17 33]
 [26 33 49 35 30 15 47]
 [14 19  3 39  4 12 46]]
----------------------------------------
--- OPERAZIONE CONCLUSA: Funzione Universale Esponenziale ---
Risultato ottenuto:
[[1.62754791e+05 4.85165195e+08 2.90488497e+13 3.93133430e+12
  6.39843494e+17 2.35385267e+17 1.17191424e+16]
 [6.56599691e+07 8.10308393e+03 7.20048993e+10 6.56599691e+07
  2.90488497e+13 2.35385267e+17 4.03428793e+02]
 [2.35385267e+17 1.31881573e+09 2.98095799e+03 8.65934004e+16
  4.72783947e+18 1.09663316e+03 1.95729609e+11]
 [1.73927494e+18 5.83461743e+14 5.32048241e+11 5.18470553e+21
  4.03428793e+02 2.41549528e+07 4.85165195e+08]
 [1.31881573e+09 8.88611052e+06 8.10308393e+03 3.93133430e+12
  1.17191424e+16 4.72783947e+18 2.00855369e+01]
 [8.65934004e+16 1.20260428e+06 3.26901737e+06 2.90488497e+13
  4.72783947e+18 2.41549528e+07 2.14643580e+14]
 [1.95729609e+11 2.14643580e+14 1.90734657e+21 1.58601345e+15
  1.06864746e+13 3.26901737e+06 2.58131289e+20]
 [1.20260428e+06 1.78482301e+08 2.00855369e+01 8.65934004e+16
  5.45981500e+01 1.62754791e+05 9.49611942e+19]]
----------------------------------------
--- OPERAZIONE CONCLUSA: Filtro elementi maggiori di 22.0 ---
Risultato ottenuto:
[31 29 41 40 37 25 31 40 40 39 43 26 42 34 27 50 29 37 43 39 31 43 33 26
 33 49 35 30 47 39 46]
----------------------------------------
